626.402893066 1269.55786133
601.949462891 1473.05822754
389.812042236 867.116333008
477.91708374 1224.21069336
559.944152832 1349.50476074
676.079406738 1693.11132812
588.778991699 1445.28479004
567.894592285 1241.15393066
533.793457031 1214.82580566
641.608764648 1244.92382812
350.445709229 1489.20739746
638.181335449 1471.57519531
502.571350098 1235.02746582
472.059265137 1284.01489258
425.250549316 1575.18469238
217.47644043 1957.64575195
213.242218018 1284.35266113
522.652160645 1297.55285645
634.116821289 1558.36779785
423.355865479 1029.11206055
240.182052612 1056.46777344
485.654693604 1379.94580078
636.37487793 1432.37927246
505.838104248 1159.88696289
607.655883789 1234.70739746
492.395050049 1070.97839355
655.763549805 1316.15161133
651.020874023 1309.27380371
452.532104492 1350.37683105
606.360229492 1267.37475586
280.70324707 827.86114502
229.746017456 913.867736816
246.996658325 1131.76123047
494.995422363 1132.78967285
479.185302734 1227.4967041
681.372619629 1343.8638916
237.194366455 1236.13110352
658.446838379 1367.64501953
456.365386963 1552.79956055
677.098815918 1388.44238281
544.303222656 1322.49572754
466.730377197 1345.44885254
608.481811523 1419.5489502
573.595397949 1346.44384766
611.083129883 1408.02807617
689.164550781 1603.88806152
476.934295654 1204.81604004
582.759521484 1437.64465332
662.733215332 1376.00756836
475.122314453 1194.49890137
653.628601074 1328.61193848
521.104248047 1230.8458252
433.125762939 1052.12060547
208.179946899 1176.5135498
628.690795898 1312.1394043
298.528533936 1015.3380127
321.899780273 1752.53820801
627.405395508 1606.11499023
490.831726074 1217.18579102
468.895874023 1177.32531738
208.541091919 1926.03295898
545.243652344 1214.77966309
279.797119141 979.734191895
568.60144043 1351.97851562
583.644348145 1349.41394043
520.873535156 1287.39587402
541.605895996 1128.81921387
399.619476318 1038.87109375
624.154785156 1357.88830566
612.167907715 1344.08093262
647.656616211 1483.55993652
432.706115723 1041.52636719
575.478515625 1386.9765625
587.577270508 1282.74414062
650.639526367 1306.89770508
533.397644043 1117.19946289
456.642791748 1165.46142578
437.400665283 1065.74694824
609.965698242 1429.66894531
737.687744141 1599.12268066
262.571838379 1230.22192383
609.490356445 1268.17236328
560.791748047 1153.94384766
223.923294067 957.262512207
516.965393066 1144.24353027
405.523864746 1096.22180176
614.516601562 1342.1619873
660.48651123 1386.13574219
590.754333496 1277.47229004
419.906188965 1239.91064453
433.189544678 1009.7980957
498.188079834 1089.34362793
420.486816406 1294.02575684
207.027359009 1717.33007812
421.155029297 1523.98205566
576.030517578 1438.1472168
608.988891602 1612.20947266
679.07623291 1365.19970703
654.388427734 1406.87438965
603.249755859 1319.56726074
533.32409668 1226.17993164
580.085693359 1221.53955078
406.343353271 1068.4967041
608.18737793 1406.25097656
421.785217285 1245.67089844
597.895629883 1381.35058594
408.49230957 1456.70788574
629.417175293 1467.77648926
342.229827881 1883.95397949
433.952148438 1105.1998291
227.208282471 1693.52050781
618.894165039 1418.84216309
358.343017578 864.390197754
521.166381836 1156.59399414
693.027770996 1539.16052246
547.604919434 1115.16467285
412.381103516 880.691223145
664.314758301 1468.90795898
656.768859863 1610.3704834
401.022857666 1316.51855469
233.711837769 1076.50048828
400.044067383 1085.83557129
475.626068115 1066.02612305
628.293762207 1350.95483398
478.085266113 1060.12890625
701.697937012 1462.96899414
630.598876953 1289.9465332
667.604797363 1496.66784668
606.808654785 1372.04846191
497.323120117 1123.09301758
622.526733398 1631.0480957
434.073944092 1120.84289551
662.550231934 1398.15991211
571.394165039 1298.85864258
595.897399902 1233.3416748
546.243713379 1135.52282715
400.02053833 1528.54589844
619.564086914 1472.08276367
599.593139648 1387.05371094
358.855438232 1514.82263184
208.242202759 1343.94897461
656.132202148 1553.35314941
655.165710449 1325.80505371
681.403442383 1394.44665527
637.607543945 1318.84545898
241.742111206 957.255371094
674.620422363 1716.77075195
626.291320801 1520.82470703
658.290405273 1480.92480469
409.061798096 1003.92382812
591.911010742 1388.38122559
783.862182617 1614.1652832
595.585266113 1331.41918945
628.541748047 1415.96789551
585.934204102 1291.33496094
438.864227295 1446.37329102
580.010192871 1217.22216797
456.496887207 1419.27294922
347.04977417 977.847106934
579.563781738 1196.32885742
683.104614258 1585.88354492
380.18548584 1400.91027832
647.391540527 1325.88293457
446.295928955 926.33807373
626.716918945 1434.16625977
659.429870605 1369.26403809
429.409698486 1231.34350586
299.886474609 1168.06359863
607.953979492 1341.90734863
598.778259277 1435.69189453
637.947998047 1702.12182617
414.961517334 1491.37158203
586.169616699 1134.2409668
335.372161865 1557.24914551
705.177429199 1395.17114258
458.360473633 1334.33190918
500.0 1500.0
618.195983887 1296.45202637
617.318664551 1410.90844727
545.022338867 1199.61621094
623.122253418 1409.1730957
596.810546875 1581.1796875
238.126541138 879.647155762
662.145202637 1390.72351074
316.006195068 1007.3581543
294.956970215 1635.58312988
573.831115723 1371.80297852
256.113433838 1079.09643555
622.713317871 1462.88830566
560.806152344 1339.38549805
591.949279785 1278.36218262
635.916503906 1502.4609375
521.208618164 1140.5234375
303.091217041 1606.15454102
623.345031738 1287.17370605
627.358886719 1325.14892578
377.501190186 1570.90759277
439.698730469 1254.00268555
367.54208374 1288.13000488
527.537475586 1311.48095703
575.308654785 1385.18701172
628.893615723 1453.84020996
612.23059082 1872.71630859
593.847839355 1336.70947266
224.446029663 1358.20849609
249.486999512 1108.84008789
639.429870605 1432.29772949
213.527832031 1116.1217041
463.683074951 1498.01489258
475.224151611 1350.74133301
632.00994873 1325.34643555
513.77722168 1499.66796875
638.28704834 1405.31213379
596.308349609 1242.60314941
414.012084961 1477.50866699
567.781494141 1336.40112305
226.756134033 1166.12231445
522.159667969 1258.58410645
694.28729248 1373.0949707
438.305358887 942.368286133
393.296386719 1524.50915527
406.739898682 1243.30578613
660.311828613 1450.44348145
681.47076416 1396.67285156
215.908050537 1030.42248535
414.080718994 1530.49316406
571.450561523 1309.5916748
531.621948242 1365.0748291
270.984954834 1216.39550781
611.41583252 1626.0411377
579.523803711 1484.33959961
440.655059814 1399.40979004
229.625061035 1090.59484863
662.317993164 1534.26708984
489.073120117 966.672058105
637.876098633 1436.38500977
385.663787842 1057.22375488
416.902618408 1019.46392822
472.581420898 1199.1920166
249.30090332 1110.38598633
410.49987793 1023.91003418
592.783203125 1216.8125
650.626159668 1586.07873535
490.1980896 1201.48950195
387.035675049 1191.49353027
575.050415039 1261.08813477
307.201721191 1191.58154297
474.978546143 1513.96520996
566.420776367 1274.31079102
604.676574707 1298.35522461
752.948730469 1713.59460449
452.233001709 1162.73168945
657.723083496 1328.63256836
525.441345215 1271.54846191
694.340576172 1357.38671875
434.379272461 1258.82629395
599.049865723 1309.8659668
647.79901123 1345.62646484
484.90423584 1345.5949707
482.240692139 1334.89379883
525.436218262 1271.34387207
657.915527344 1319.6114502
245.858596802 923.956542969
596.887329102 1290.18103027
609.99395752 1413.97412109
630.594177246 1682.75915527
220.19694519 1746.10644531
430.262573242 1308.80236816
496.292114258 1425.57702637
432.284973145 1079.79077148
515.524475098 1214.41650391
583.48034668 1187.35742188
623.44708252 1295.83666992
473.079223633 1205.63000488
504.02243042 1583.85461426
352.428863525 985.461364746
699.231079102 1501.06164551
351.831726074 1577.72241211
285.194641113 1091.15332031
495.300476074 1403.34204102
649.62512207 1608.69555664
456.35055542 1260.69250488
629.517333984 1518.86328125
412.799591064 1392.3494873
610.192016602 1306.78381348
248.066955566 1149.39343262
223.776916504 1632.64343262
448.506164551 1050.08288574
704.343139648 1371.56750488
501.380187988 1346.0333252
361.993804932 1617.24658203
631.404968262 1463.34033203
576.880065918 1198.41137695
518.981384277 1202.7512207
265.984741211 1744.57641602
415.406494141 1343.49609375
727.370056152 1574.88549805
581.045532227 1273.17602539
641.232666016 1374.83361816
615.337646484 1262.35754395
261.697784424 1700.32653809
305.689941406 1183.69458008
452.039733887 1136.16308594
244.032333374 985.827819824
600.461914062 1368.94677734
631.335632324 1202.18615723
548.455444336 1332.01293945
198.550308228 1709.71032715
675.100646973 1356.45629883
430.40637207 1474.73303223
216.786331177 1897.2253418
725.116516113 1371.86669922
521.33203125 1203.27026367
214.969467163 1055.31970215
622.776672363 1354.34020996
605.553527832 1465.89624023
244.233825684 1281.27319336
609.34552002 1508.78320312
437.075378418 1329.01843262
408.030853271 867.491455078
582.183227539 1186.24255371
637.825683594 1286.0234375
285.281677246 977.355102539
620.114868164 1563.28527832
551.055969238 1428.12011719
246.929824829 1276.2668457
681.608764648 1611.01379395
459.437713623 1145.60534668
415.58770752 1469.1463623
670.186035156 1380.34741211
596.263427734 1200.72485352
647.922302246 1378.92993164
612.3671875 1457.38476562
318.977966309 1381.80322266
433.652984619 1403.61450195
471.165710449 1276.23168945
649.434387207 1295.88964844
547.910095215 1134.8848877
611.738708496 1399.83312988
339.409393311 1525.8145752
553.561645508 1333.41296387
490.385498047 1324.66333008
201.433242798 1038.37036133
408.465087891 1215.64099121
515.474060059 1032.98803711
602.846740723 1224.8659668
560.202941895 1378.46948242
550.874511719 1407.93261719
467.804504395 1399.35644531
392.838562012 1252.78173828
225.387481689 969.574768066
669.211975098 1323.93615723
580.79119873 1314.25463867
548.495422363 1496.54150391
619.777587891 1828.03466797
449.014831543 1056.48669434
453.553070068 1241.58837891
610.347717285 1249.75915527
466.459472656 1504.23852539
436.965789795 1629.92089844
504.806884766 1155.75317383
551.429870605 1383.91638184
365.516082764 1170.43383789
582.486938477 1215.79138184
625.835205078 1389.22753906
670.736450195 1548.40466309
283.335876465 1666.7454834
678.614318848 1488.49572754
685.270202637 1501.11157227
511.334014893 1113.90307617
560.16998291 1180.79467773
723.788452148 1364.46508789
618.550598145 1459.5279541
466.454437256 1010.23974609
596.790222168 1455.45629883
461.530578613 1290.77978516
603.75592041 1414.65441895
644.332641602 1296.62890625
473.130004883 1201.33654785
422.605499268 1193.87939453
424.689819336 1484.92907715
229.523956299 1099.29638672
630.505249023 1261.32763672
660.276794434 1511.69946289
772.248657227 1615.8059082
420.617675781 1396.19519043
588.589355469 1367.78991699
218.783554077 1118.37744141
329.58581543 1514.84472656
445.856628418 1144.12109375
651.188171387 1383.86047363
573.997619629 1445.90563965
623.108154297 1304.21142578
401.40713501 1094.26318359
595.23046875 1097.81103516
415.891540527 881.352416992
578.027832031 1375.5390625
440.180908203 1264.49316406
557.65032959 1441.81005859
402.520568848 1194.98803711
245.822845459 1087.44213867
563.818725586 1268.76647949
218.330123901 1142.12268066
662.926025391 1422.2220459
360.484039307 1100.07861328
464.250976562 1427.73156738
416.727081299 1541.65332031
249.854446411 857.910217285
628.408447266 1399.66906738
210.206344604 1001.97564697
703.900390625 1617.50219727
487.546905518 1247.87231445
560.43371582 1176.2442627
591.147033691 1297.76477051
413.402648926 1122.4934082
766.152404785 1622.3046875
650.975891113 1482.6217041
397.140625 1505.5880127
342.190582275 1181.21435547
420.548126221 1110.3203125
742.681091309 1608.48339844
504.617340088 1192.27856445
417.707611084 1592.67297363
520.847351074 1209.92077637
514.028686523 1458.09802246
636.743469238 1302.75500488
647.085021973 1483.14428711
242.342849731 812.735351562
231.479415894 1045.82873535
571.277587891 1170.10058594
676.198425293 1449.6394043
230.32824707 1080.58032227
618.28692627 1242.78894043
608.905029297 1304.05773926
605.142578125 1287.85437012
431.353546143 1047.10717773
722.15612793 1638.05493164
625.76550293 1707.90917969
734.922790527 1656.53125
425.622009277 1205.94812012
358.532562256 1710.92590332
605.430541992 1221.93469238
557.049255371 1453.03820801
217.778915405 1168.08068848
593.878356934 1314.8848877
364.752532959 1102.72302246
552.875061035 1149.68383789
214.067276001 1087.24658203
537.843811035 1396.31188965
275.000335693 1057.66101074
460.499816895 1100.58532715
609.934326172 1242.31481934
602.230529785 1344.60522461
288.753143311 1547.84387207
519.689025879 1256.17321777
439.445556641 1428.41870117
565.291931152 1506.01147461
611.677185059 1351.12268066
696.096740723 1475.25256348
613.214050293 1588.96972656
520.248596191 1281.76000977
241.1224823 1093.85449219
534.380371094 1385.03564453
623.965393066 1348.81994629
561.846008301 1416.86242676
283.391265869 1244.78088379
639.768676758 1595.79724121
603.128967285 1398.02758789
509.25982666 1135.35461426
423.132751465 1524.89001465
515.876098633 1195.0357666
414.339874268 1039.28759766
565.311828613 1210.43127441
290.273986816 1575.5402832
642.833496094 1324.97375488
623.620422363 1450.41113281
237.195785522 992.765869141
580.257568359 1413.83251953
658.784973145 1367.71936035
624.205932617 1336.28613281
398.352722168 1381.89221191
571.959228516 1217.00085449
392.106842041 1289.28320312
688.315612793 1514.88122559
400.513916016 1064.07006836
331.448974609 1482.97521973
268.451690674 923.325073242
475.595916748 1240.27734375
443.068084717 1330.70153809
452.762207031 1249.97180176
583.637451172 1332.85205078
489.18258667 1220.81677246
410.923553467 1262.78234863
314.066101074 1622.25183105
703.270812988 1508.60058594
211.961135864 1850.2902832
412.641784668 1567.2598877
578.618652344 1396.62182617
267.052093506 1451.53503418
559.467346191 1240.12463379
653.777282715 1336.79907227
320.54309082 1661.94641113
432.481842041 1301.66296387
375.669433594 1639.99645996
422.806091309 1381.9621582
218.627166748 1702.59033203
624.366516113 1276.7467041
433.606018066 1094.74060059
355.389648438 1000.58154297
323.524261475 1005.69281006
473.259002686 1236.56262207
559.704650879 1235.71875
436.022796631 1327.4362793
606.88092041 1417.43310547
434.095581055 1068.15356445
640.212097168 1765.57836914
384.300628662 1610.75695801
413.142669678 1594.36328125
636.385375977 1597.48242188
547.436157227 1375.22595215
304.352539062 1141.94689941
660.688537598 1335.77172852
571.914794922 1076.29162598
414.34362793 1435.63122559
542.086791992 1300.02624512
461.006500244 1280.40686035
672.591796875 1391.89343262
348.975006104 990.02746582
641.640930176 1334.82006836
483.321838379 1369.05102539
288.368225098 1606.78747559
217.898498535 1635.78637695
464.905609131 1209.59240723
460.903137207 1274.17675781
543.937744141 1186.85131836
659.665771484 1476.29882812
326.252624512 1489.74609375
533.484802246 1349.8515625
434.401092529 1051.15820312
662.137023926 1368.68493652
372.684020996 1469.57250977
694.194396973 1320.93005371
602.512939453 1316.57653809
652.400695801 1372.49951172
455.88861084 1130.66174316
474.170410156 1323.9798584
222.334320068 1479.31811523
377.987518311 1495.95483398
212.285751343 897.639343262
574.749328613 1247.9519043
593.14074707 1330.89758301
714.441223145 1566.20544434
1222.3059082 1572.8001709
655.560791016 1476.67419434
693.040039062 1606.29394531
616.840393066 1441.06115723
653.793701172 1350.84838867
409.335296631 946.165527344
469.440734863 1062.73913574
535.286865234 1272.01550293
626.444763184 1490.91760254
624.194030762 1350.41259766
697.870239258 1479.06323242
200.820114136 1380.84729004
601.778137207 1436.35290527
299.668762207 1122.0255127
623.030212402 1252.30175781
452.17300415 1323.33850098
572.082641602 1345.45654297
629.852111816 1432.31738281
683.535583496 1567.13769531
320.159057617 959.25177002
462.932281494 1125.04577637
1409.30212402 1929.22070312
627.716064453 1499.11560059
420.071472168 1117.09265137
677.132385254 1371.16381836
260.436828613 1115.44763184
630.451049805 1250.4822998
408.548431396 1068.55688477
332.221893311 1086.76452637
564.125610352 1197.64221191
292.168060303 1131.98425293
404.224456787 1426.32177734
415.84463501 903.739624023
276.361053467 1935.2644043
376.525848389 1392.12927246
217.408035278 1371.24487305
210.793197632 1010.23699951
621.89276123 1777.04626465
704.04309082 1588.4119873
547.12097168 1341.06982422
456.846618652 1138.15637207
587.759338379 1202.90710449
517.784484863 1435.93615723
605.629577637 1476.99487305
521.453125 1366.43579102
518.945617676 1315.68066406
627.556945801 1496.70214844
538.039978027 1231.19628906
622.200378418 1402.00976562
267.834960938 1548.21008301
608.362426758 1452.24047852
725.078430176 1578.90466309
459.849761963 1101.76269531
664.899291992 1600.72851562
331.486114502 1600.43225098
564.6640625 1385.91516113
423.162628174 930.312194824
633.233398438 1435.89575195
276.094268799 1751.89819336
484.160827637 1008.53955078
540.763183594 1343.57019043
575.641906738 1375.11645508
269.41104126 1643.38537598
231.231277466 1193.08007812
611.755554199 1225.51806641
470.102813721 1303.16809082
532.262878418 1163.51428223
378.100067139 1104.13232422
635.252502441 1401.04858398
368.552093506 1504.40222168
605.688293457 1415.01489258
424.407928467 1148.42468262
617.310241699 1359.80541992
697.700134277 1430.61877441
628.327026367 1321.38818359
452.299499512 1077.10302734
446.159423828 1440.38977051
609.427001953 1344.97705078
579.461364746 1301.60717773
308.295349121 1668.1574707
683.036865234 1639.94482422
468.717834473 1055.32714844
458.689300537 1428.04650879
455.103881836 1475.25134277
613.142883301 1144.39050293
618.559204102 1654.97497559
488.825439453 1351.24658203
207.647247314 1168.10058594
525.751342773 1250.74133301
681.670898438 1639.34179688
556.520019531 1157.21228027
739.852661133 1605.87902832
647.085449219 1508.01245117
349.032196045 1044.15539551
212.861160278 805.852233887
617.905883789 1419.30554199
458.032043457 1149.26733398
510.44152832 1241.62792969
554.390686035 1224.75671387
541.229797363 1253.4029541
582.100952148 1450.93664551
571.490234375 1251.48522949
386.250488281 1544.74328613
601.705566406 1249.66479492
383.93649292 1525.86999512
383.339324951 1619.40185547
646.872558594 1329.09753418
651.934204102 1551.91088867
601.059326172 1256.14709473
410.76260376 1463.42419434
542.078308105 1277.62316895
243.631958008 1227.33752441
580.001098633 1379.67578125
211.059997559 1457.81848145
602.054382324 1441.08117676
248.590576172 1623.04577637
194.171875 1100.64648438
467.967132568 1135.79675293
535.010070801 1237.24780273
518.042480469 1269.12487793
548.633544922 1379.94567871
477.881652832 1076.51000977
573.521362305 1119.53125
609.327636719 1322.82629395
635.919921875 1352.26452637
234.021377563 1151.07641602
422.917327881 1024.04248047
480.242431641 1217.21118164
287.689208984 1109.59985352
383.373260498 1470.10571289
416.059570312 1192.61535645
326.614318848 1648.45141602
646.891906738 1433.82897949
623.869384766 1403.97900391
637.559631348 1353.05639648
416.922729492 1032.65893555
600.54876709 1204.25146484
458.67388916 1045.03283691
518.877319336 1130.81933594
682.36920166 1600.13330078
612.978637695 1356.84814453
432.411407471 1041.5567627
579.600463867 1269.14880371
583.921325684 1246.55371094
570.374206543 1409.03552246
394.378234863 1014.21691895
543.099487305 1135.01733398
456.80078125 1344.29260254
421.957183838 1039.17700195
576.618713379 1394.16772461
228.401321411 819.43762207
190.811843872 2494.86328125
648.243164062 1573.98217773
554.776916504 1251.92553711
459.480682373 1287.45568848
598.478942871 1318.92980957
513.346374512 1272.80334473
213.185256958 1659.72058105
642.973266602 1328.20166016
598.280822754 1213.71679688
208.604476929 824.411865234
633.186340332 1395.33117676
228.078338623 867.786132812
590.642700195 1297.74780273
454.194793701 1140.36035156
607.478210449 1276.20166016
616.365783691 1378.95019531
266.999237061 1106.93591309
608.070739746 1335.67687988
373.318572998 1313.63635254
611.92779541 1241.70605469
602.837646484 1311.18151855
375.146881104 2132.44116211
227.354690552 1663.13317871
588.004150391 1443.77856445
643.777893066 1496.60095215
246.761108398 1578.22473145
647.161743164 1278.00390625
516.47265625 1460.69384766
482.512237549 1117.05310059
534.233276367 1161.94055176
588.257751465 1281.97094727
419.631530762 1250.48535156
569.490356445 1440.61169434
639.394775391 1316.90246582
389.613250732 989.717590332
430.407989502 1545.4810791
627.969360352 1452.0456543
470.045684814 1165.57775879
433.430114746 1546.02807617
270.1222229 1083.58825684
664.383300781 1415.60974121
644.084350586 1276.62243652
634.685302734 1283.92150879
215.883163452 1957.77087402
501.930145264 1193.72949219
540.522277832 1151.17883301
392.299713135 1177.80102539
580.25201416 1221.78918457
434.30758667 1066.82177734
416.308410645 1032.61608887
417.593902588 1239.89526367
592.898132324 1218.92773438
667.299682617 1640.23803711
613.915222168 1479.70629883
533.405212402 1055.22167969
651.45111084 1746.04284668
475.168151855 1252.86352539
522.891357422 1373.17858887
532.131774902 1273.83117676
435.763336182 1127.0690918
585.594970703 1363.23376465
525.588684082 1127.20385742
218.755447388 1314.95483398
675.549194336 1451.44995117
515.336181641 1250.19836426
567.30065918 1286.30297852
428.275939941 1230.31958008
511.310028076 1418.21240234
242.089294434 1731.41394043
643.911621094 1479.16687012
352.168518066 2200.51513672
574.664794922 1320.22460938
448.773071289 1272.95043945
632.939453125 1257.34216309
533.959960938 1393.13305664
438.264404297 1070.62097168
610.123168945 1627.39807129
412.667694092 896.374511719
518.90447998 1483.2277832
465.352386475 1217.07543945
575.120483398 1244.86828613
622.664550781 1246.33337402
511.106140137 1163.1875
603.672546387 1533.12451172
529.012023926 1255.69213867
383.175140381 1029.78991699
662.452758789 1465.09997559
563.147155762 1348.93701172
503.111175537 1197.5859375
388.350891113 1433.77355957
289.041412354 596.08380127
332.861022949 1123.71606445
567.334289551 1188.08288574
576.476501465 1247.82580566
614.079956055 1298.89599609
604.249145508 1530.37695312
584.970458984 1280.7734375
538.085754395 1329.98474121
202.841293335 1228.14782715
387.223327637 1543.53625488
663.779174805 1458.91650391
682.571166992 1384.72961426
515.715332031 1183.97180176
589.607116699 1216.42590332
472.019622803 1206.53137207
622.489440918 1708.76025391
478.573944092 1169.86022949
634.407958984 1455.93286133
200.52355957 925.226501465
511.718200684 1318.14916992
610.563964844 1419.32507324
365.064941406 811.661621094
638.408996582 1428.04248047
253.305633545 1636.60095215
426.346099854 1338.26428223
631.747619629 1520.88793945
434.941101074 1056.55639648
442.540924072 1193.52282715
617.165100098 1569.56982422
512.676696777 1154.37548828
473.629211426 1250.80871582
431.628082275 1052.31347656
