414.334381104 2172.52954102
350.803833008 2328.34179688
421.081970215 1529.55126953
275.160675049 2760.06054688
431.648986816 1678.62927246
463.656494141 2426.71801758
354.051696777 2603.11376953
417.475708008 2337.60449219
317.121429443 2192.01879883
444.82913208 1921.88439941
433.044433594 1947.58886719
443.877563477 1731.29223633
414.173828125 2339.86523438
407.380096436 2407.40039062
420.358215332 2307.04663086
335.638671875 1995.07470703
402.520751953 1958.10949707
393.537689209 2346.24829102
407.663787842 2260.33764648
639.466247559 2288.48852539
371.898742676 2546.5234375
474.506622314 1944.87524414
423.955169678 1705.00537109
424.334625244 2490.39428711
468.511169434 1945.59130859
422.16116333 2274.34179688
448.92364502 2424.72021484
443.090087891 2089.87524414
444.884155273 2226.24682617
421.437072754 2059.9519043
381.27243042 2367.24951172
280.432281494 2628.54150391
366.061309814 2301.28564453
191.267120361 2584.59863281
387.125061035 2546.48095703
370.363098145 1304.57373047
431.084289551 2414.73730469
476.045654297 1779.03869629
447.828521729 2455.33203125
418.759490967 2535.28686523
240.570236206 1099.5546875
384.834381104 2146.15917969
398.504608154 2397.85546875
442.208404541 2084.5637207
186.370574951 2698.56445312
400.690704346 2360.97729492
251.297424316 2552.21386719
412.079956055 1788.6394043
461.689666748 1851.06982422
429.578582764 1820.0559082
401.442962646 1766.98974609
451.196624756 2433.50244141
352.914306641 2536.7097168
358.055786133 2607.02539062
414.901306152 2071.00952148
443.305023193 1972.10339355
484.847625732 2433.14013672
419.741394043 2466.92407227
431.531036377 2423.52270508
383.369415283 2590.42480469
434.407165527 2084.43530273
416.376068115 2086.87402344
504.733520508 1591.21044922
459.67175293 2413.58227539
403.733032227 1896.71081543
389.938934326 2355.16796875
443.72756958 2421.56274414
415.703796387 1944.97875977
450.184631348 2057.29150391
408.344970703 1965.16845703
406.612548828 2589.85986328
359.254058838 2438.88891602
527.260986328 1656.23144531
445.617279053 1980.61364746
475.737731934 1977.79492188
427.304321289 1592.74401855
475.455413818 2340.60375977
431.251556396 2466.87280273
433.720062256 1485.75817871
472.1769104 1696.55212402
429.488037109 2031.1973877
466.855102539 1924.76318359
413.240203857 2421.79614258
468.297058105 1874.53515625
358.054351807 2486.96264648
295.120666504 2549.99121094
475.100463867 2361.19995117
464.672943115 1936.64562988
203.163574219 2666.9621582
235.879348755 2645.95166016
368.551147461 2565.0390625
457.067962646 1608.64624023
401.934814453 2200.71948242
402.37890625 2551.52148438
386.200286865 2291.99853516
372.434051514 2637.04516602
448.009216309 1969.2956543
403.376342773 2435.90844727
366.950317383 2232.36010742
431.886230469 1536.03369141
242.877914429 2552.72119141
421.129211426 2278.76049805
481.288696289 1722.82751465
458.96685791 1854.94433594
464.074798584 1879.68994141
428.519622803 1767.40588379
300.323638916 2019.66650391
449.812683105 2216.48730469
437.021453857 2245.18798828
233.211639404 1700.75561523
477.113861084 1652.52282715
303.825500488 2153.47875977
459.45513916 1567.91003418
258.149383545 1912.21313477
426.562927246 1906.12927246
430.353881836 1644.43725586
427.975769043 2338.19946289
446.67791748 2229.86254883
420.226226807 2369.05322266
407.347290039 2377.46069336
402.195098877 2141.20043945
420.182434082 2521.7277832
397.026885986 2576.38232422
468.489898682 1709.42700195
360.281066895 2376.35986328
479.963562012 1660.23571777
424.796844482 2473.32373047
452.028106689 2445.54638672
426.039428711 2270.89916992
365.820800781 2642.93920898
406.639770508 2046.53137207
440.767211914 2183.71582031
353.884979248 2169.69262695
432.393676758 2001.88952637
397.400939941 2462.41137695
429.6875 2372.30957031
456.024291992 1747.83776855
425.177185059 2108.05200195
397.84197998 1902.45336914
248.528961182 2659.16870117
439.882171631 2425.54785156
435.280609131 2228.16088867
452.069793701 2494.49023438
424.568786621 1917.3684082
505.623596191 1697.16418457
428.273712158 1942.32348633
431.898651123 1810.74829102
357.789703369 2695.62866211
357.574676514 2214.44287109
437.586334229 1818.17712402
393.230316162 2322.32666016
460.238433838 1817.31481934
419.664672852 2460.70117188
297.102081299 2119.93994141
471.414367676 1687.59436035
428.036987305 2479.94628906
419.525787354 2190.29174805
409.570129395 2048.61206055
447.111053467 2293.33374023
481.810760498 1687.90649414
431.451629639 2466.51391602
462.350921631 1778.27539062
433.229827881 1694.28540039
452.105316162 1781.79760742
550.900085449 1687.7565918
416.734924316 1522.28271484
415.664886475 2465.62792969
406.797698975 2321.44897461
411.180541992 1650.6796875
253.034713745 2368.96118164
205.825866699 2669.04272461
441.267150879 2383.03881836
361.144989014 2620.03051758
445.614959717 1906.8873291
443.630615234 2361.35913086
362.202758789 1560.57348633
441.343933105 2044.77661133
517.469604492 2250.49658203
409.923950195 2016.15905762
413.187347412 1842.59411621
452.32800293 1806.95483398
471.343414307 2443.00170898
415.850158691 1710.61376953
405.941741943 2250.30175781
421.938323975 1850.64013672
362.204711914 2724.52392578
387.83114624 2407.80249023
245.859191895 1781.28613281
246.390899658 2343.37207031
418.369384766 2357.77099609
403.154693604 2008.01208496
457.34387207 1660.48181152
416.844848633 1795.19665527
559.58782959 1805.21862793
469.367248535 1705.76757812
402.313903809 1799.34643555
407.445159912 2011.57556152
418.258026123 2500.26977539
465.52444458 2161.14770508
407.8046875 2163.20458984
443.447387695 1543.38879395
411.92590332 2238.92382812
430.909912109 1918.51269531
444.830718994 1619.33984375
433.686401367 1675.06872559
463.854980469 1629.29431152
427.555419922 2496.75341797
245.012451172 2541.50292969
304.367462158 2366.32006836
409.352966309 1969.58483887
379.707519531 2584.83129883
468.881591797 1842.42687988
449.555877686 1451.38635254
434.531829834 2411.28686523
442.987243652 1790.18054199
425.294464111 1626.24316406
340.629974365 2614.94384766
435.091308594 1980.00097656
350.506713867 2277.03344727
361.157623291 2541.73583984
276.604675293 2659.59326172
407.216918945 2423.22680664
370.618774414 2339.46533203
429.888397217 1494.33679199
405.805114746 2266.6472168
423.84362793 1699.66772461
533.952392578 2261.34130859
368.222900391 2414.53442383
403.138671875 2419.49291992
409.780395508 1896.86120605
436.339385986 1877.85778809
359.037139893 2519.86499023
322.258758545 2696.734375
414.832580566 2021.84387207
546.864746094 2331.26342773
437.950836182 2201.66918945
392.536651611 2363.04614258
310.375671387 2598.81958008
461.27255249 1900.76477051
446.669433594 2461.109375
303.72756958 2324.94897461
355.826934814 1705.25366211
411.049102783 1743.65490723
459.704071045 2080.046875
435.239959717 1709.28515625
345.905975342 2625.90185547
277.702789307 2017.54882812
435.570648193 2300.11230469
454.908782959 2440.78491211
452.966156006 1976.30651855
411.017974854 1773.77819824
452.724212646 1903.0892334
412.269287109 2235.13793945
665.964538574 1810.56567383
413.505187988 2224.98120117
235.258605957 2650.31640625
439.658966064 1874.04870605
320.470123291 2304.17822266
201.933288574 2720.45776367
398.848297119 2406.5480957
434.873809814 1886.8293457
626.248901367 2316.45825195
413.002471924 2565.97998047
424.407562256 2059.54614258
416.82043457 1572.27722168
354.848449707 2358.11206055
410.61428833 1793.72045898
438.173156738 2392.55371094
471.65826416 1963.36730957
267.678985596 2507.62036133
417.975646973 2163.43994141
441.899841309 2011.27038574
482.562042236 2248.8059082
244.311065674 1972.12683105
298.439758301 2388.71557617
332.06652832 2611.15551758
446.343048096 2158.80932617
407.660522461 1780.41845703
406.516571045 2407.12109375
250.231277466 2312.9831543
438.413879395 2261.29296875
329.021240234 2410.19604492
210.36151123 2225.78051758
799.768798828 1912.69274902
442.783966064 2425.6159668
480.191864014 2224.06469727
421.417327881 2482.67871094
438.139801025 2397.04785156
411.272460938 2379.07666016
427.274139404 1886.7010498
424.250244141 2445.81445312
406.813446045 2389.43457031
371.480285645 2453.44799805
295.701599121 2001.43493652
422.066070557 2398.57519531
403.441955566 2467.04516602
250.968017578 1990.49890137
360.655944824 2351.31225586
506.416442871 1545.25170898
606.434326172 2318.43579102
547.380493164 2299.59936523
432.356719971 2459.24047852
386.964569092 2405.40283203
390.047637939 2328.86206055
408.6875 2267.21557617
291.77243042 1141.91564941
451.322265625 1978.25256348
285.263061523 2183.66552734
351.798675537 2260.39526367
421.944549561 2343.71313477
384.495758057 2032.81811523
395.933197021 2011.22814941
397.182098389 2630.71459961
401.26550293 1988.68676758
452.395324707 2082.52392578
376.074249268 2365.10620117
275.808624268 2289.56860352
222.32635498 2172.79101562
402.198974609 2610.7277832
422.640838623 1604.82299805
422.856933594 2403.15771484
406.849365234 2083.0559082
462.780059814 2376.66796875
437.336151123 2466.80932617
643.234985352 2233.78686523
465.166137695 1802.41833496
376.507415771 2599.04589844
475.349243164 1922.42041016
415.449890137 2109.91748047
440.424346924 1970.80004883
416.547241211 2158.51416016
401.161346436 2537.32568359
384.90914917 2267.11206055
408.268341064 2606.59301758
427.316558838 1683.64660645
245.350250244 2412.33984375
447.179351807 2115.61157227
346.739318848 2416.70117188
437.019989014 2306.39648438
410.828887939 1925.84985352
424.659301758 2070.76831055
420.683258057 2054.95214844
378.548522949 2252.703125
395.535400391 2183.57348633
451.968597412 1918.75512695
419.901519775 2507.74853516
321.107330322 2129.14233398
460.597167969 2012.42028809
436.443145752 1755.47253418
419.751190186 2194.09912109
406.3855896 2281.71411133
492.127929688 1876.20861816
247.497665405 2685.50219727
434.97769165 2263.91821289
465.714172363 2288.54345703
216.347839355 2099.29394531
425.310821533 2264.38256836
461.902923584 1669.67834473
502.679748535 1816.86804199
359.000457764 2632.875
409.870605469 1635.88232422
386.987304688 1563.52429199
295.594360352 2590.11523438
425.250488281 2251.4765625
409.657165527 2457.625
377.537231445 2399.16088867
416.707458496 2045.26855469
453.122009277 1783.80114746
448.829711914 2060.26806641
425.285522461 1890.87988281
410.623748779 1852.5592041
436.859954834 1543.21057129
446.039245605 2328.84057617
453.430114746 2344.95092773
456.187469482 1807.05749512
460.457580566 1797.49084473
469.071380615 1748.04858398
421.947814941 2525.54492188
440.0753479 1514.40380859
409.371551514 1984.2767334
426.682312012 1766.8581543
287.107788086 2653.60229492
450.782501221 2463.98999023
435.03427124 2350.50488281
407.175720215 2017.98425293
208.448532104 2645.14672852
579.225524902 2046.74645996
443.386962891 2297.01464844
429.587860107 1767.95166016
440.610046387 1955.44750977
216.619308472 2568.91943359
209.370773315 2810.48779297
203.252059937 2601.93432617
441.474243164 2099.22436523
395.502716064 2292.98803711
329.336181641 2583.16259766
438.821411133 2176.99121094
459.72164917 1596.98120117
430.688293457 1587.60961914
477.799743652 1622.09899902
440.971496582 2411.17260742
431.739074707 1935.74902344
429.496185303 1695.44433594
250.38734436 1827.32995605
429.761444092 2116.82788086
422.165313721 2289.76489258
361.436920166 2460.21313477
439.146087646 1675.8293457
206.67074585 2620.77392578
416.048126221 2316.71362305
443.285827637 2434.03442383
368.479827881 2632.07617188
278.180267334 2331.66455078
355.974609375 2696.67700195
406.263824463 2212.07275391
359.061553955 2518.54931641
440.269622803 2039.36218262
239.354385376 2482.86791992
475.007354736 1706.13305664
411.655181885 1794.05236816
442.085388184 2234.68725586
