515.295349121 1080.52636719
527.281494141 981.88885498
441.351196289 849.80859375
575.83972168 1246.47412109
549.331665039 1357.48156738
429.151489258 845.157348633
438.052978516 927.191894531
441.51940918 827.670654297
443.343719482 972.34173584
466.634338379 1531.875
400.978546143 799.727478027
392.380554199 763.795654297
394.912506104 789.811706543
451.274871826 920.658996582
391.3956604 746.698303223
444.74822998 824.535583496
402.988525391 809.893920898
470.396820068 1200.57873535
384.192321777 779.954833984
454.371948242 893.86315918
545.502258301 1249.18310547
440.074798584 875.067138672
460.731140137 920.59979248
508.897369385 910.470214844
448.845062256 878.593566895
469.519775391 801.275817871
418.690795898 818.059020996
461.555297852 1244.98876953
488.74432373 907.997375488
543.349975586 1278.72949219
424.03616333 829.760253906
453.432830811 943.666625977
489.432769775 963.298400879
384.30960083 752.953674316
455.947357178 830.737609863
486.44418335 1262.43127441
428.783721924 863.97479248
447.170654297 877.258361816
605.668823242 1361.77734375
485.53112793 1172.78637695
489.9871521 1047.88256836
392.946716309 816.709106445
442.691101074 785.494750977
427.835632324 749.513122559
598.037109375 1289.3918457
399.368225098 785.124389648
490.020812988 1091.62487793
443.008453369 812.036315918
535.831604004 1015.41876221
491.815979004 1126.30688477
449.649078369 885.51385498
465.690002441 933.399108887
434.550506592 864.144714355
430.570831299 901.343200684
484.220062256 829.170654297
549.585632324 1233.07739258
551.187744141 1322.01000977
423.685211182 787.4453125
418.558502197 843.322265625
561.413146973 1145.24804688
471.730438232 980.785461426
398.985015869 785.207824707
494.097106934 1076.87280273
463.867095947 954.690307617
516.803100586 1281.54321289
465.910888672 1304.21728516
537.690490723 1088.3918457
539.878723145 1188.7701416
444.021453857 804.719726562
440.507354736 1114.48278809
420.458221436 861.114868164
437.089141846 976.053710938
429.061950684 801.679443359
445.772033691 888.674133301
443.154632568 1435.26867676
400.002349854 801.15234375
454.027496338 954.43170166
407.599945068 813.679077148
416.032287598 844.506652832
552.491333008 1115.05871582
503.830200195 1229.30786133
456.7550354 961.731567383
448.59564209 860.564575195
541.967712402 987.377746582
497.254821777 876.092041016
547.964294434 1156.69238281
448.263458252 892.506408691
454.342163086 886.875244141
438.859954834 875.568786621
451.825134277 914.02947998
480.949188232 967.091003418
402.317260742 798.304138184
444.956359863 889.992553711
410.040405273 825.034973145
521.941650391 1156.23876953
510.191040039 1133.50415039
545.362792969 1194.37097168
479.43737793 909.72668457
557.380371094 1328.69152832
470.812408447 985.401245117
426.21383667 861.976013184
454.335876465 935.494506836
521.787109375 1047.48657227
528.432189941 930.012268066
382.500549316 770.784545898
466.297088623 1050.93811035
558.503112793 1043.90783691
535.445983887 1260.3470459
508.505981445 1168.48522949
398.067565918 789.387023926
449.32989502 859.762390137
445.177001953 818.565124512
445.023620605 1100.22070312
444.60067749 1233.73291016
543.938476562 1201.29077148
416.548675537 858.477050781
421.113800049 864.827514648
448.488677979 884.210632324
396.558837891 804.721862793
486.3956604 858.862487793
431.755523682 885.049865723
580.593383789 1240.77160645
456.063232422 868.502563477
442.548828125 901.45098877
455.374237061 949.608398438
439.125030518 883.575744629
412.187225342 751.15032959
464.1512146 1159.0065918
514.635192871 1081.4161377
462.481079102 904.454101562
455.10635376 1299.11535645
453.151000977 938.174072266
484.372161865 860.242248535
396.374755859 738.285949707
448.399414062 958.049743652
477.93661499 919.436645508
387.954498291 790.173828125
450.688293457 925.274719238
499.869232178 961.768432617
455.306976318 940.568603516
406.149017334 784.554931641
570.322143555 1153.66125488
477.919647217 1232.7722168
437.109069824 872.922668457
424.021575928 893.560119629
458.668365479 886.131408691
596.668395996 1228.92492676
449.119781494 1180.48144531
532.230529785 1364.50830078
468.551940918 965.966125488
444.969665527 799.201721191
446.689605713 801.707763672
527.39440918 1053.62988281
476.981506348 1163.38635254
522.021789551 1169.92138672
412.658660889 858.445678711
450.736968994 812.093505859
444.55657959 894.353149414
518.373779297 1105.82629395
461.894165039 973.722167969
391.767486572 789.874084473
465.739349365 1465.3137207
405.078033447 809.864562988
449.258575439 826.246337891
444.485351562 880.239562988
490.079040527 1026.3013916
473.029022217 1354.27819824
572.572265625 1207.0526123
489.291931152 1009.13604736
498.599060059 1140.95751953
424.090332031 1418.04431152
509.180023193 936.448547363
410.423614502 759.610595703
466.55355835 875.316711426
446.556304932 921.628540039
400.431182861 794.695617676
422.779327393 881.481079102
485.405303955 1076.52075195
442.849273682 933.354492188
469.628540039 840.802490234
539.813476562 1131.51367188
432.91305542 884.405212402
415.758789062 852.515869141
419.488952637 852.524536133
443.719573975 868.351806641
553.903320312 1328.71105957
521.519592285 999.252746582
452.373046875 882.477600098
399.660552979 771.20489502
437.296051025 947.947814941
426.622070312 860.389465332
469.203826904 822.658691406
475.782775879 1075.54504395
440.928100586 785.598510742
453.581115723 906.51159668
435.977752686 884.677490234
556.79083252 1130.76757812
445.981536865 874.908447266
446.656555176 903.813049316
505.936676025 1388.69274902
551.113037109 1215.28735352
462.643188477 1329.72070312
488.933807373 982.315246582
481.055053711 951.868652344
533.959106445 1306.03637695
401.940185547 837.036865234
450.910217285 893.717224121
468.899383545 920.153808594
416.759613037 878.480651855
504.735534668 1012.91143799
414.564849854 818.988342285
488.88848877 1389.34655762
497.060241699 877.984985352
527.786071777 1180.00366211
470.267822266 1169.38696289
473.692626953 1390.67321777
473.316162109 1395.87854004
386.642150879 772.087768555
381.109863281 772.107177734
426.779693604 874.42401123
446.906036377 912.423706055
467.102111816 910.460632324
444.541351318 1070.78015137
539.892028809 1130.55859375
408.916412354 807.164245605
399.768432617 796.054992676
406.74621582 806.798950195
496.934906006 1046.25317383
607.697814941 1271.79492188
466.421234131 1415.82189941
412.528808594 786.328369141
509.153076172 967.18359375
