414.192108154 2501.77539062
419.726257324 2398.68676758
426.740570068 2590.31762695
420.277526855 2577.69824219
304.704193115 2141.85888672
477.651824951 2304.02319336
412.245452881 2558.08813477
567.390136719 2264.53369141
559.632141113 2274.4699707
360.022033691 2359.07568359
386.599121094 2461.09716797
421.327453613 2522.31201172
386.956573486 2429.88574219
560.671386719 2337.65917969
413.320922852 2281.92700195
562.476074219 2238.22631836
381.603607178 2488.54711914
607.582885742 2326.86621094
599.035705566 2420.45629883
548.432312012 2402.85205078
599.551452637 2088.19799805
312.994567871 2252.26367188
692.187744141 1694.43933105
449.120300293 2291.85400391
286.47467041 2060.79492188
267.193756104 2363.36962891
581.568237305 2308.89672852
416.400390625 2403.55834961
402.228759766 2412.27661133
384.164398193 2456.73168945
616.511230469 2168.58105469
617.692138672 2445.69067383
468.471466064 2122.49902344
420.959533691 2546.53344727
368.11920166 1744.55810547
419.702545166 2486.92138672
359.074249268 1829.95117188
390.646362305 2571.9831543
239.232040405 1450.35791016
544.294799805 2241.31103516
609.77355957 2079.828125
437.671539307 2465.28466797
494.636474609 2189.24560547
361.654022217 1945.05981445
562.060913086 1846.70959473
570.314880371 2356.65649414
495.363006592 2367.27319336
546.912902832 2052.25097656
432.038208008 2524.31665039
441.229736328 2485.48583984
424.926177979 2537.49243164
490.292144775 2510.93774414
436.369934082 2367.01904297
274.578430176 2171.10302734
372.426696777 2488.85668945
420.71005249 2342.49584961
429.212402344 2569.47583008
387.805358887 2459.47387695
560.457763672 2265.47949219
427.447570801 2597.85644531
499.176239014 2342.12963867
570.325744629 2350.40405273
439.242675781 2432.21264648
626.940002441 2297.8371582
335.974212646 2112.04907227
572.004089355 2332.15966797
421.817779541 2552.64819336
570.086669922 2254.86132812
435.205780029 2628.9453125
262.782684326 2032.89929199
351.000274658 2381.32373047
378.357849121 2277.64135742
588.039428711 2298.50927734
473.821807861 2246.13842773
544.98248291 2403.42871094
460.011627197 2371.70922852
280.820526123 2143.54785156
551.021728516 2429.75390625
612.472106934 2173.24731445
438.283294678 2536.25219727
360.275604248 2293.16064453
435.732543945 2564.91870117
408.662597656 2334.61767578
354.353973389 2367.61474609
321.415618896 983.449890137
428.44317627 2564.35205078
251.137145996 2488.63427734
246.917816162 2048.26586914
612.455627441 2408.33935547
354.907470703 2358.10424805
354.833526611 2569.98461914
428.83303833 2476.46948242
307.524261475 2173.65551758
397.941619873 2602.04174805
237.096786499 2011.41760254
514.110717773 2410.31689453
480.751586914 2448.60913086
422.905822754 2459.82666016
519.598571777 2267.69213867
397.26449585 1959.73059082
411.337158203 2529.74829102
424.718994141 2359.52514648
606.243835449 2136.01879883
613.581298828 2291.11791992
429.121276855 2455.34301758
377.344299316 2472.37915039
432.378692627 2548.17651367
393.366943359 2498.1184082
565.57244873 2363.72436523
378.707214355 2501.17431641
443.379547119 2517.39672852
280.12689209 1994.73474121
231.167755127 1842.91247559
378.054595947 2562.05737305
534.746032715 2295.18676758
523.462280273 2294.6875
466.630981445 2335.81518555
571.304626465 2290.08129883
403.79800415 2519.26928711
400.242767334 2446.62695312
310.861480713 2171.07519531
481.33291626 2423.12109375
569.368591309 2259.47216797
436.952209473 2458.18505859
551.887817383 2434.44970703
420.236694336 2484.12231445
432.725921631 2551.85791016
294.195098877 2275.49536133
429.716033936 2531.91113281
562.990844727 2350.90234375
402.359466553 2343.43310547
491.241821289 2353.25219727
497.946899414 2268.08764648
438.133361816 2558.39770508
444.510131836 2564.85742188
423.536560059 2380.75
432.108215332 2412.13305664
607.834289551 1798.90478516
480.088897705 2362.72338867
391.432159424 2517.26782227
415.069458008 2504.44067383
446.601318359 2353.2253418
390.556213379 2521.98291016
603.282653809 2496.98925781
318.354309082 2291.07324219
369.364837646 2551.80834961
385.096954346 2530.88989258
540.199035645 2358.29272461
617.139282227 2149.24951172
565.233459473 2302.91918945
436.034210205 2672.5793457
563.407043457 2380.35424805
571.347412109 2389.30371094
422.320556641 2439.14233398
485.463531494 2422.11230469
376.114257812 2573.36401367
418.958862305 2292.88354492
326.956573486 2258.74536133
587.371948242 2252.00683594
395.308868408 2465.61914062
459.32598877 2101.43310547
442.661743164 2414.9050293
346.657806396 2332.61035156
628.842956543 2323.63842773
607.893432617 2190.05810547
436.338287354 2578.38500977
429.673706055 2473.30444336
412.38067627 2455.64624023
467.101013184 2425.53198242
584.896179199 2363.84228516
428.931793213 2554.31152344
360.448730469 2083.00024414
436.616424561 2502.44726562
386.841308594 2436.34887695
436.892211914 2302.66577148
617.118835449 1947.70825195
609.358276367 2363.93115234
506.775177002 2282.96020508
349.334075928 1610.64172363
454.751586914 2429.30371094
580.721496582 2331.65649414
389.293609619 2462.13012695
417.060821533 2306.14599609
426.820861816 2597.80444336
573.649108887 2488.36962891
454.630065918 2252.39355469
426.836517334 2542.26513672
460.133758545 2524.90771484
604.444702148 2215.99072266
431.430175781 2362.14331055
489.696594238 2419.64648438
364.748504639 2461.99267578
274.145812988 2081.95336914
408.999237061 1708.03955078
510.851928711 2446.35424805
619.92401123 2216.08886719
458.992858887 2361.11962891
540.59564209 2439.9597168
487.644470215 2384.18945312
425.734161377 2582.08398438
342.111999512 2536.95092773
463.360992432 2345.96118164
631.856140137 2276.62548828
503.158905029 2459.12109375
469.831756592 2342.92163086
417.734100342 2089.57006836
396.7684021 2607.88232422
427.828063965 2500.31811523
430.042419434 2585.70019531
431.86920166 2560.47216797
440.853393555 2406.14331055
582.043395996 2473.23242188
207.181625366 1961.66455078
436.241424561 2363.21362305
394.159240723 2567.70727539
277.91003418 2028.00695801
462.861236572 2326.0402832
456.466827393 2439.77099609
525.28527832 2375.14599609
394.913665771 2554.26098633
364.750396729 2214.35961914
535.746459961 2301.19555664
293.262878418 2289.23339844
269.725708008 2124.45288086
414.652557373 2284.54956055
572.071716309 2318.7902832
535.484130859 2497.64086914
465.672485352 2367.98974609
412.747528076 2503.17602539
539.657470703 2286.71337891
295.971710205 2202.2980957
420.389068604 2345.69213867
426.046234131 2580.203125
517.953674316 2424.44189453
583.364624023 2299.18554688
577.331115723 2341.61523438
359.278503418 2365.68041992
446.760559082 2509.26782227
403.425170898 2553.83032227
367.359191895 2373.3515625
494.472442627 2193.15649414
528.46472168 2343.23486328
453.355834961 2060.07226562
568.633911133 2296.13500977
276.897918701 2006.33325195
243.618240356 2221.75463867
588.605224609 2298.01196289
474.799591064 2393.44189453
373.958618164 1414.0826416
267.730529785 1961.59570312
396.842498779 2150.60449219
368.51776123 2476.70605469
426.120788574 2385.47094727
431.368438721 2574.04296875
376.479095459 2561.28076172
432.243133545 2532.35351562
503.989196777 2417.74145508
347.03692627 2423.09814453
422.50769043 2555.56738281
415.183380127 2546.16430664
561.925964355 2337.88574219
437.964141846 2487.82397461
326.562866211 2316.21386719
463.550567627 2509.3371582
615.187438965 1612.47497559
562.225280762 2206.54785156
462.992401123 2370.96435547
616.834777832 1880.08898926
517.421020508 2501.55615234
367.725616455 2411.17675781
613.46496582 1822.43884277
302.399597168 2134.28686523
593.089538574 2258.18652344
558.001037598 2356.32177734
451.834991455 2389.85131836
562.267883301 2249.29101562
556.692993164 2356.05834961
346.163665771 2435.03759766
309.912597656 1936.29675293
411.864349365 2428.58740234
544.863647461 2275.54077148
351.657775879 2194.82739258
360.278778076 1208.62841797
406.937042236 2403.02392578
378.550048828 2456.50024414
430.364471436 2360.03540039
375.682952881 1400.81359863
431.629486084 2513.08666992
474.607025146 2544.37548828
491.637786865 2247.14794922
382.400238037 2410.30712891
406.585693359 2477.6965332
300.186828613 2315.39355469
557.073242188 2319.31665039
603.612609863 1771.3927002
415.220794678 2423.92675781
422.964172363 2371.87084961
444.396728516 2516.15600586
368.94128418 2441.73876953
525.293395996 2379.18847656
411.583129883 2446.22265625
480.311798096 2342.41723633
429.396850586 2516.14331055
496.698242188 2478.3215332
407.852539062 2481.87792969
372.328674316 2514.04248047
263.382629395 2104.07006836
366.394348145 2544.48706055
212.518997192 1214.73803711
401.089538574 2490.43408203
424.970092773 2483.27514648
532.38482666 2336.6262207
351.630615234 2471.15185547
577.660095215 2288.65771484
392.136383057 2409.51489258
502.026184082 2408.8984375
405.353851318 1943.56237793
439.495422363 2540.69799805
423.458190918 2453.94335938
359.622528076 2569.47265625
262.677062988 2113.52709961
543.015930176 2388.42822266
469.579437256 2200.45288086
448.697357178 2165.27148438
564.67956543 2397.23291016
398.735015869 2446.02441406
362.927764893 2478.93896484
680.911499023 1817.16467285
648.934936523 1997.90393066
558.591003418 2488.55004883
475.794616699 2513.27172852
419.31652832 2462.68383789
344.351989746 2405.2043457
546.715637207 2039.93273926
544.032531738 2351.76342773
487.143066406 2390.97070312
444.620178223 2189.22314453
423.66784668 2608.27661133
415.346099854 2276.38818359
372.977783203 2431.71337891
523.068969727 2387.55810547
410.253723145 2411.88354492
493.82220459 2417.51806641
446.936676025 2451.71484375
403.345489502 2538.22558594
443.947753906 2398.96459961
411.870513916 2394.08618164
507.969085693 2262.67797852
545.059020996 2283.54248047
360.98651123 2230.8215332
338.040679932 2431.34643555
433.098388672 2438.38916016
618.629272461 1530.8503418
498.84375 2447.51513672
603.757263184 2143.79052734
439.88494873 2457.65893555
376.050628662 2510.41333008
437.542449951 2443.91430664
372.059387207 2468.16088867
234.522094727 1449.22424316
398.182037354 2495.52978516
489.128936768 2464.38891602
490.716796875 2251.94921875
433.723205566 2604.41943359
639.949951172 2216.05810547
430.213378906 2594.48535156
562.753356934 2389.05932617
350.730255127 2541.04833984
593.67767334 2222.47094727
414.405792236 2482.68408203
542.385925293 2403.98974609
574.39630127 2401.80395508
266.947387695 2352.61206055
