875.013000488 1322.17004395
457.385131836 1772.68286133
511.628417969 1599.4342041
674.358398438 1380.68078613
333.199737549 1862.06555176
422.015106201 1895.20251465
711.291625977 1783.39538574
618.98840332 1849.82873535
441.736358643 1822.66455078
295.790008545 2161.58105469
855.150634766 1632.59680176
359.633758545 2328.61010742
441.05065918 1861.53649902
405.798950195 1838.30541992
331.080505371 2309.1105957
875.257385254 1450.23144531
444.610900879 1783.71191406
730.921447754 1660.1628418
395.304870605 1788.23791504
913.99230957 1731.02624512
435.999542236 1823.25280762
431.207977295 1798.07373047
433.112762451 1825.98706055
385.87020874 1868.38269043
389.491699219 1713.31164551
394.958831787 1765.63134766
824.063842773 1627.02185059
503.202850342 1620.66125488
500.865997314 1475.09069824
392.09576416 1891.53564453
419.744354248 1736.17480469
427.988739014 1787.06408691
394.328643799 1804.94848633
358.104125977 1912.7376709
420.165313721 1728.61474609
407.026794434 1632.8269043
445.613861084 1073.73327637
352.730010986 2190.12768555
666.674621582 1794.58776855
422.852020264 1741.24780273
513.969177246 1465.4041748
446.854431152 1541.65686035
433.268493652 1628.18884277
546.338256836 1858.1105957
749.938659668 1751.66381836
538.911499023 1811.62805176
643.311462402 1376.55822754
807.90246582 1671.14538574
427.959991455 1769.50195312
748.076599121 1427.10375977
397.857177734 1810.51928711
777.351257324 1469.27404785
405.053955078 1745.47912598
428.285614014 1450.34643555
686.881347656 1423.78894043
338.452758789 2293.56689453
473.479492188 1643.1661377
416.797790527 1637.78283691
793.41394043 1583.00146484
427.316040039 1737.08569336
812.200622559 1476.38183594
763.285400391 1449.81408691
704.904296875 1267.98706055
482.215484619 1742.8347168
419.245483398 1776.30651855
673.135192871 1715.07128906
420.269226074 1626.82641602
369.886993408 1748.28308105
619.001831055 1461.85412598
705.311157227 1652.05212402
489.798980713 1574.44177246
457.38973999 1680.71862793
460.434692383 1665.5189209
466.477539062 1875.46240234
393.485229492 1913.46350098
922.020751953 1460.14318848
762.906066895 1499.12426758
479.332885742 1393.2512207
1001.46960449 1393.00842285
438.067901611 1533.36474609
358.755371094 1886.83312988
348.200012207 1933.18518066
468.891998291 1566.45690918
683.713867188 1413.23168945
416.013793945 1761.6541748
427.406707764 1684.73327637
376.690673828 1715.88696289
499.095703125 1530.44677734
462.710968018 1702.40612793
457.04095459 1780.42626953
660.429504395 1536.74047852
476.685760498 1662.81555176
498.590057373 1701.41479492
452.470306396 1401.98742676
402.666107178 1933.97583008
657.385192871 1432.05993652
413.018859863 1654.17236328
920.842834473 1675.26123047
463.84362793 1768.30761719
364.485778809 1886.50817871
683.870849609 1381.31542969
542.891479492 1652.06079102
767.371887207 1717.80932617
522.10168457 1320.83044434
363.892059326 1342.46582031
360.695465088 1414.77758789
433.132568359 1688.62158203
502.816833496 1589.01013184
430.591247559 1832.7598877
394.345794678 1783.32775879
317.177032471 1916.11657715
498.319641113 1509.01074219
465.778686523 1753.75646973
418.841400146 1787.96289062
715.617858887 1200.42651367
382.521728516 1656.87512207
357.076080322 1859.39733887
671.815185547 1459.13024902
648.278991699 1297.47045898
438.261566162 1709.01721191
382.590606689 1817.37353516
460.170532227 1505.74938965
462.485534668 1526.66833496
451.405883789 1600.05004883
670.250305176 1366.71948242
475.025543213 1564.91003418
568.598632812 1405.97497559
819.37322998 1445.14624023
461.037506104 1620.77490234
702.178222656 1388.49462891
425.565551758 1688.34899902
521.845153809 1669.39257812
898.301147461 1510.15087891
793.841064453 1313.00927734
648.607421875 1775.88220215
937.130737305 1564.55224609
366.61416626 1635.60888672
363.392913818 1864.11682129
468.140136719 1309.61340332
424.258972168 1702.99230957
449.443786621 1801.85229492
764.008544922 1405.24560547
383.34765625 1865.03393555
646.613708496 1251.06726074
459.073547363 1688.34936523
415.998840332 1603.70678711
435.830078125 1679.54333496
805.445251465 1315.1895752
402.203521729 1611.37915039
679.857727051 1351.75170898
543.24029541 1804.42626953
464.378417969 1726.54858398
424.911254883 1889.76147461
399.085540771 1811.95263672
637.971252441 1347.68969727
434.315185547 1551.28295898
462.301055908 1850.63549805
